800.0 2.95789e-09 3.83991e-08 3.46346e-07 1.46376e-06
900.0 2.95893e-09 3.84206e-08 3.47069e-07 1.44757e-06
1000.0 2.9599e-09 3.84298e-08 3.4805e-07 1.43087e-06
1100.0 2.96042e-09 3.84373e-08 3.49092e-07 1.41615e-06
1200.0 2.9623e-09 3.84424e-08 3.50031e-07 1.40157e-06
1300.0 2.9603e-09 3.845e-08 3.51044e-07 1.38871e-06
1400.0 2.9622e-09 3.84655e-08 3.5196e-07 1.37605e-06
1500.0 2.963e-09 3.84612e-08 3.53387e-07 1.36384e-06
1600.0 2.96262e-09 3.84602e-08 3.54584e-07 1.35259e-06
800.0 2.95789e-09 3.83991e-08 3.46346e-07 1.46376e-06
900.0 2.95893e-09 3.84206e-08 3.47069e-07 1.44757e-06
1000.0 2.9599e-09 3.84298e-08 3.4805e-07 1.43087e-06
1100.0 2.96042e-09 3.84373e-08 3.49092e-07 1.41615e-06
1200.0 2.9623e-09 3.84424e-08 3.50031e-07 1.40157e-06
1300.0 2.9603e-09 3.845e-08 3.51044e-07 1.38871e-06
1400.0 2.9622e-09 3.84655e-08 3.5196e-07 1.37605e-06
1500.0 2.963e-09 3.84612e-08 3.53387e-07 1.36384e-06
1600.0 2.96262e-09 3.84602e-08 3.54584e-07 1.35259e-06
800.0 2.95789e-09 3.83991e-08 3.46346e-07 1.46376e-06
900.0 2.95893e-09 3.84206e-08 3.47069e-07 1.44757e-06
1000.0 2.9599e-09 3.84298e-08 3.4805e-07 1.43087e-06
1100.0 2.96042e-09 3.84373e-08 3.49092e-07 1.41615e-06
1200.0 2.9623e-09 3.84424e-08 3.50031e-07 1.40157e-06
1300.0 2.9603e-09 3.845e-08 3.51044e-07 1.38871e-06
1400.0 2.9622e-09 3.84655e-08 3.5196e-07 1.37605e-06
1500.0 2.963e-09 3.84612e-08 3.53387e-07 1.36384e-06
1600.0 2.96262e-09 3.84602e-08 3.54584e-07 1.35259e-06
