800.0 0.000440034 0.00327192 0.0088512 0.0361412
900.0 0.000430866 0.00320783 0.00866966 0.0349049
1000.0 0.000421807 0.0031406 0.008495 0.0336992
1100.0 0.000412962 0.00307964 0.00832823 0.032575
1200.0 0.000404357 0.00301648 0.00816338 0.0314645
1300.0 0.000395795 0.00295314 0.00800773 0.0304441
1400.0 0.000387535 0.00289307 0.0078541 0.0294492
1500.0 0.000379459 0.00283551 0.00769953 0.0284757
1600.0 0.000371436 0.00277431 0.00753803 0.027574
800.0 0.000440034 0.00327192 0.0088512 0.0361412
900.0 0.000430866 0.00320783 0.00866966 0.0349049
1000.0 0.000421807 0.0031406 0.008495 0.0336992
1100.0 0.000412962 0.00307964 0.00832823 0.032575
1200.0 0.000404357 0.00301648 0.00816338 0.0314645
1300.0 0.000395795 0.00295314 0.00800773 0.0304441
1400.0 0.000387535 0.00289307 0.0078541 0.0294492
1500.0 0.000379459 0.00283551 0.00769953 0.0284757
1600.0 0.000371436 0.00277431 0.00753803 0.027574
800.0 0.000440034 0.00327192 0.0088512 0.0361412
900.0 0.000430866 0.00320783 0.00866966 0.0349049
1000.0 0.000421807 0.0031406 0.008495 0.0336992
1100.0 0.000412962 0.00307964 0.00832823 0.032575
1200.0 0.000404357 0.00301648 0.00816338 0.0314645
1300.0 0.000395795 0.00295314 0.00800773 0.0304441
1400.0 0.000387535 0.00289307 0.0078541 0.0294492
1500.0 0.000379459 0.00283551 0.00769953 0.0284757
1600.0 0.000371436 0.00277431 0.00753803 0.027574
