800.0 2.54069e-09 4.43692e-08 3.8817e-07 2.22787e-06
900.0 2.54095e-09 4.4385e-08 3.898e-07 2.13175e-06
1000.0 2.54149e-09 4.44121e-08 3.92213e-07 2.04136e-06
1100.0 2.54231e-09 4.44306e-08 3.9527e-07 1.96701e-06
1200.0 2.54195e-09 4.44216e-08 3.99297e-07 1.89797e-06
1300.0 2.54285e-09 4.44241e-08 4.04026e-07 1.84279e-06
1400.0 2.54293e-09 4.44323e-08 4.09938e-07 1.79097e-06
1500.0 2.54334e-09 4.44293e-08 4.17253e-07 1.74275e-06
1600.0 2.54343e-09 4.44339e-08 4.25992e-07 1.69682e-06
1700.0 2.54353e-09 4.44422e-08 4.34323e-07 1.66125e-06
1800.0 2.54406e-09 4.44412e-08 4.43308e-07 1.62763e-06
1900.0 2.54433e-09 4.44485e-08 4.5315e-07 1.59631e-06
