800.0 0.338912 0.0132203 0.0 0.0 0.0 0.430883 0.0117608 0.0 0.0 4.13073e-07 0.423211 0.0203153 0.0 0.0 0.000677442 0.453131
900.0 0.338267 0.0132074 0.0 0.0 0.0 0.430108 0.0117405 0.0 0.0 3.31734e-06 0.421869 0.0209095 0.0 0.0 0.000871591 0.45261
1000.0 0.337689 0.0131891 0.0 0.0 0.0 0.429342 0.0117127 0.0 0.0 4.39726e-06 0.420236 0.0217987 0.0 0.0 0.00114927 0.451855
1100.0 0.337145 0.0131682 0.0 0.0 0.0 0.428582 0.0116806 0.0 0.0 4.92958e-06 0.418336 0.0229466 0.0 0.0 0.00150505 0.451075
1200.0 0.33649 0.0131448 0.0 0.0 0.0 0.427806 0.0116661 0.0 0.0 5.8745e-06 0.416006 0.0245297 0.0 0.0 0.00200001 0.450054
1300.0 0.335915 0.01313 0.0 0.0 0.0 0.427038 0.0116446 0.0 0.0 6.69225e-06 0.413493 0.0263065 0.0 0.0 0.00256411 0.449098
1400.0 0.335335 0.0131047 0.0 0.0 0.0 0.426278 0.0116171 0.0 0.0 7.54862e-06 0.410553 0.0285186 0.0 0.0 0.00329104 0.447911
1500.0 0.33474 0.0130882 0.0 0.0 0.0 0.425515 0.0115937 0.0 0.0 8.48884e-06 0.407179 0.0311723 0.0 0.0 0.00418973 0.446508
1600.0 0.334136 0.0130615 0.0 0.0 0.0 0.424748 0.0115754 0.0 0.0 9.29516e-06 0.403373 0.0342697 0.0 0.0 0.00530237 0.44483
1700.0 0.333539 0.0130456 0.0 0.0 0.0 0.423987 0.0115524 0.0 0.0 1.05523e-05 0.399831 0.0370878 0.0 0.0 0.00639002 0.443318
1800.0 0.332956 0.0130228 0.0 0.0 0.0 0.423228 0.011529 0.0 0.0 1.12112e-05 0.396179 0.0400261 0.0 0.0 0.00762851 0.441615
1900.0 0.332359 0.0130009 0.0 0.0 0.0 0.422471 0.0115056 0.0 0.0 1.21999e-05 0.392376 0.0431266 0.0 0.0 0.00903835 0.439715
