800.0 0.000198174 0.00109009 0.00103872 0.00299921 0.00087846 0.000334663
900.0 0.000204463 0.00109675 0.00102156 0.0029539 0.000842234 0.000304663
1000.0 0.000208203 0.00104861 0.0010545 0.00297703 0.000865402 0.000316903
1100.0 0.00020207 0.0010695 0.00106439 0.00295418 0.000846503 0.000314219
1200.0 0.000206504 0.0011117 0.00102347 0.00300314 0.000883502 0.000313338
1300.0 0.000205821 0.00111079 0.00106077 0.00303837 0.000854167 0.000301529
1400.0 0.000215563 0.00105038 0.00101278 0.0029906 0.000831412 0.000306774
1500.0 0.000213469 0.00108752 0.00107809 0.00299476 0.000866407 0.000303775
1600.0 0.000202102 0.00104503 0.00105734 0.00298286 0.000854487 0.000307429
800.0 0.000198174 0.00109009 0.00103872 0.00299921 0.00087846 0.000334663
900.0 0.000204463 0.00109675 0.00102156 0.0029539 0.000842234 0.000304663
1000.0 0.000208203 0.00104861 0.0010545 0.00297703 0.000865402 0.000316903
1100.0 0.00020207 0.0010695 0.00106439 0.00295418 0.000846503 0.000314219
1200.0 0.000206504 0.0011117 0.00102347 0.00300314 0.000883502 0.000313338
1300.0 0.000205821 0.00111079 0.00106077 0.00303837 0.000854167 0.000301529
1400.0 0.000215563 0.00105038 0.00101278 0.0029906 0.000831412 0.000306774
1500.0 0.000213469 0.00108752 0.00107809 0.00299476 0.000866407 0.000303775
1600.0 0.000202102 0.00104503 0.00105734 0.00298286 0.000854487 0.000307429
800.0 0.000198174 0.00109009 0.00103872 0.00299921 0.00087846 0.000334663
900.0 0.000204463 0.00109675 0.00102156 0.0029539 0.000842234 0.000304663
1000.0 0.000208203 0.00104861 0.0010545 0.00297703 0.000865402 0.000316903
1100.0 0.00020207 0.0010695 0.00106439 0.00295418 0.000846503 0.000314219
1200.0 0.000206504 0.0011117 0.00102347 0.00300314 0.000883502 0.000313338
1300.0 0.000205821 0.00111079 0.00106077 0.00303837 0.000854167 0.000301529
1400.0 0.000215563 0.00105038 0.00101278 0.0029906 0.000831412 0.000306774
1500.0 0.000213469 0.00108752 0.00107809 0.00299476 0.000866407 0.000303775
1600.0 0.000202102 0.00104503 0.00105734 0.00298286 0.000854487 0.000307429
