800.0 0.000177195 0.00134403 0.00363263 0.014832
900.0 0.000173503 0.0013177 0.00355812 0.0143247
1000.0 0.000169859 0.00129008 0.00348644 0.0138298
1100.0 0.0001663 0.00126504 0.00341799 0.0133685
1200.0 0.000162839 0.0012391 0.00335034 0.0129127
1300.0 0.000159385 0.00121308 0.00328646 0.012494
1400.0 0.000156065 0.0011884 0.0032234 0.0120857
1500.0 0.000152812 0.00116476 0.00315997 0.0116862
1600.0 0.000149582 0.00113962 0.00309369 0.0113161
800.0 0.000177195 0.00134403 0.00363263 0.014832
900.0 0.000173503 0.0013177 0.00355812 0.0143247
1000.0 0.000169859 0.00129008 0.00348644 0.0138298
1100.0 0.0001663 0.00126504 0.00341799 0.0133685
1200.0 0.000162839 0.0012391 0.00335034 0.0129127
1300.0 0.000159385 0.00121308 0.00328646 0.012494
1400.0 0.000156065 0.0011884 0.0032234 0.0120857
1500.0 0.000152812 0.00116476 0.00315997 0.0116862
1600.0 0.000149582 0.00113962 0.00309369 0.0113161
800.0 0.000177195 0.00134403 0.00363263 0.014832
900.0 0.000173503 0.0013177 0.00355812 0.0143247
1000.0 0.000169859 0.00129008 0.00348644 0.0138298
1100.0 0.0001663 0.00126504 0.00341799 0.0133685
1200.0 0.000162839 0.0012391 0.00335034 0.0129127
1300.0 0.000159385 0.00121308 0.00328646 0.012494
1400.0 0.000156065 0.0011884 0.0032234 0.0120857
1500.0 0.000152812 0.00116476 0.00315997 0.0116862
1600.0 0.000149582 0.00113962 0.00309369 0.0113161
