800.0 0.0132296 0.0117647 0.0203491 0.00086701
900.0 0.0132168 0.0117443 0.0209458 0.00105256
1000.0 0.0131985 0.0117167 0.021837 0.00132275
1100.0 0.0131775 0.0116846 0.022985 0.0016711
1200.0 0.0131541 0.0116698 0.0245694 0.00216077
1300.0 0.0131389 0.0116483 0.026347 0.0027193
1400.0 0.0131141 0.011621 0.028561 0.00344296
1500.0 0.0130974 0.0115977 0.0312163 0.00433621
1600.0 0.0130706 0.0115792 0.0343158 0.00544541
1700.0 0.013055 0.0115562 0.0371355 0.0065296
1800.0 0.0130319 0.0115329 0.0400748 0.00776465
1900.0 0.01301 0.0115093 0.0431777 0.00917214
