800.0 1.30908 1.28078 1.2703 1.21411
900.0 1.33746 1.30791 1.29639 1.24067
1000.0 1.3656 1.33579 1.32391 1.26781
1100.0 1.39447 1.36382 1.3515 1.29534
1200.0 1.42446 1.393 1.38059 1.32332
1300.0 1.45438 1.42297 1.40914 1.35213
1400.0 1.48543 1.45298 1.43867 1.38153
1500.0 1.5177 1.48392 1.46899 1.41166
1600.0 1.54984 1.51606 1.49996 1.44218
800.0 1.30908 1.28078 1.2703 1.21411
900.0 1.33746 1.30791 1.29639 1.24067
1000.0 1.3656 1.33579 1.32391 1.26781
1100.0 1.39447 1.36382 1.3515 1.29534
1200.0 1.42446 1.393 1.38059 1.32332
1300.0 1.45438 1.42297 1.40914 1.35213
1400.0 1.48543 1.45298 1.43867 1.38153
1500.0 1.5177 1.48392 1.46899 1.41166
1600.0 1.54984 1.51606 1.49996 1.44218
800.0 1.30908 1.28078 1.2703 1.21411
900.0 1.33746 1.30791 1.29639 1.24067
1000.0 1.3656 1.33579 1.32391 1.26781
1100.0 1.39447 1.36382 1.3515 1.29534
1200.0 1.42446 1.393 1.38059 1.32332
1300.0 1.45438 1.42297 1.40914 1.35213
1400.0 1.48543 1.45298 1.43867 1.38153
1500.0 1.5177 1.48392 1.46899 1.41166
1600.0 1.54984 1.51606 1.49996 1.44218
